10,129
10,27
10,12
10,128
10,308
10,231
10,260
10,170
10,2
10,3
11,13
11,14
11,18
11,7
11,24
11,28
11,19
11,2
11,3
9,7
9,2
9,3
8,11
8,13
8,15
8,12
8,14
8,2
8,3
12,2
12,1
12,3
20,2
20,1
20,3
19,2
19,1
19,3
18,1
18,3
14,1
14,3
13,1
13,3
2,2
2,1
2,3
90,3
90,2
90,1
90,0
89,3
89,2
89,1
89,0
88,3
88,2
88,1
88,0
87,4
87,3
87,2
87,1
87,0
86,4
86,3
86,2
86,1
86,0
85,3
85,2
85,1
85,0
11,20
11,1
11,8
10,302
10,147
10,134
10,82
10,30
10,1
10,9
9,1
9,5
8,17
8,1
8,7
3,3
3,2
3,1
0,472
0,278
0,9
0,0
94,34
94,33
94,32
94,31
94,30
94,29
94,28
94,27
94,26
94,25
